stevilo_podatkov_P: 100
20.0000000000000
20.0090807060504
20.0161208039996
20.0211202938476
20.0240791755943
20.0249974492399
20.0238751147842
20.0207121722273
20.0155086215692
20.0082644628099
19.9989796959494
19.9876543209877
19.9742883379247
19.9588817467605
19.9414345474952
19.9219467401286
19.9004183246608
19.8768493010917
19.8512396694215
19.8235894296500
19.7938985817774
19.7621671258035
19.7283950617284
19.6925823895521
19.6547291092746
19.6148352208958
19.5729007244159
19.5289256198347
19.4829099071523
19.4348535863687
19.3847566574839
19.3326191204979
19.2784409754107
19.2222222222222
19.1639628609325
19.1036628915417
19.0413223140496
18.9769411284563
18.9105193347618
18.8420569329660
18.7715539230691
18.6990103050709
18.6244260789715
18.5478012447710
18.4691358024691
18.3884297520661
18.3056830935619
18.2208958269564
18.1340679522498
18.0451994694419
17.9542903785328
17.8613406795225
17.7663503724110
17.6693194571983
17.5702479338843
17.4691358024691
17.3659830629528
17.2607897153352
17.1535557596164
17.0442811957964
16.9329660238751
16.8196102438527
16.7042138557290
16.5867768595041
16.4672992551780
16.3457810427507
16.2222222222222
16.0966227935925
15.9689827568616
15.8393021120294
15.7075808590960
15.5738189980614
15.4380165289256
15.3001734516886
15.1602897663504
15.0183654729109
14.8744005713703
14.7283950617284
14.5803489439853
14.4302622181410
14.2781348841955
14.1239669421488
13.9677583920008
13.8095092337517
13.6492194674013
13.4868890929497
13.3225181103969
13.1561065197429
12.9876543209876
12.8171615141312
12.6446280991736
12.4700540761147
12.2934394449546
12.1147842056933
11.9340883583308
11.7513519028671
11.5665748393021
11.3797571676359
11.1908988878686
11.0000000000000
